1172037488
566026763
588026645
948370759
688996937
982027444
448570444
1399665052
776223114
803231002
213059730
270869302
578189988
900873834
613640258
1080626822
1496384043
1528688191
1037332707
1470926813
1449154425
1013178350
476082493
35818102
1357007715
750038070
1530587123
409979360
969734119
470100406
1258419525
32750424
1130215158
123497046
270869302
104992274
1511993150
1055695905
590304070
267970369
1162681263
342420062
167744601
1379887806
1013311575
563864399
390388790
1381173982
324149140
1384185694
688757944
133366799
431493611
966352957
1576685947
1101871542
1133911812
831957382
900873834
1289770070
590341546
845559536
926400698
1432233624
473926181
1398321041
1239479193
617693118
1513504127
1606991782
547651730
601104884
389668130
1473374739
393111209
1055695905
405377625
430449691
394906369
1151715612
1667411226
1211801144
725556323
962688553
278910069
324025230
1583591098
1482541173
432504849
1562839010
332536445
1170356074
232453956
1585275276
1383237345
253690858
1087419428
1054539843
543216527
1175327250
592769194
1571398189
202150823
954886068
1344377086
1737581022
324025230
160828891
382681828
81234265
921817340
238711810
1584475324
1446881921
118890143
35818102
562082160
202150823
1426447250
1293040267
1058998633
88255145
423565750
1706720474
929571874
1185068055
36050071
531031891
277748712
1642426327
362832986
397693639
1054539843
151896471
1543961011
1054539843
1288160835
1553043911
775276212
128011322
1381104887
1075097560
1462049051
650369488
1238873875
466419665
895534636
1332831544
1288189022
35796633
1427754235
1704737429
1740604009
144456244
1198871647
1040045696
884623141
803521179
357555579
848206069
1026273147
1019469643
575984180
62476039
966927653
1610383520
62476039
863638897
242291251
175164734
129142842
608223955
674635359
348710485
897759989
41927159
1380075462
476082493
405031260
1529783120
1559334544
766344966
1427897033
349625996
175164734
302211135
1408548105
42473630
1654569365
607491448
470738978
1188762361
284219131
1723365901
1428903828
1321079906
1540029839
537048662
1019469643
326026475
131733338
1019469643
416884673
620451587
405377625
465075826
438451079
145742393
485810936
441943945
1381128662
82672188
1378557537
1334984990
1604896741
1574472167
465075826
475393323
1366769477
577849397
1495043322
481771846
144456244
736399496
273928290
1710973700
1418932012
127237225
1141260536
1326326037
1460226367
1393218198
748460897
415437454
466458824
62476039
1510762504
508932076
538293740
516972096
1676303897
175164734
1445514734
863472762
1220986894
332536445
388931672
952014189
858916062
131829719
1453120365
41845084
156194668
1378303225
1407592028
349625996
385990564
1023478044
1635471792
536361278
750038070
674635359
1474366138
1684426892
831957382
270394556
1172809628
62476039
1635471792
574880585
768501418
1087843743
360403574
754581708
709579369
1588407578
438341495
427004741
136969573
1684013165
1457412015
646480392
1023478044
636501200
1113941617
424702701
558463186
42209902
282006775
969455538
1503245912
455171283
403367277
382029215
359430330
480922158
1445076292
1217546695
1202365987
32445227
1613997375
564068738
1225582710
314047592
1584475324
1430014535
1267720369
1450488511
1055695905
434129260
210985025
1544085317
685246698
1080444721
814618443
1381128662
1403280210
35818102
980829944
1018129579
175164734
1106199760
1656193465
714542165
574455647
1394285699
538398037
1019547002
178307367
179706148
252312873
382681828
1443958681
166992953
1395301316
885204644
454864890
1757291434
1503245912
299329229
320337679
94867813
563709256
772203451
113548994
1138558104
508932076
1188762361
508932076
900873834
1667411226
455368343
803800039
504073037
1434209979
1529053385
156129856
1026273147
123722501
741469057
210778149
341969904
800052297
1035376330
56281631
997203920
913466024
1726044115
1080565685
395336050
1394285699
934431299
163308873
357331756
1412130751
433960836
163363676
132878325
144456244
252312873
448570444
232453956
552942858
929571874
494245348
1350802118
731492176
368152252
562082160
394110496
264394222
1637386236
1220986894
391229893
421595099
844708693
544056520
432390065
1503625238
508932076
412344383
1667411226
438551824
313835696
116847453
302788393
1380278369
998415731
926400698
308689365
330632071
421711030
1321222475
971314399
1202365987
62476039
510221874
1048604154
293608532
1584475324
1364400342
823767095
381738807
1424788954
1499961822
1351448688
1525274788
1451583234
389668130
266505106
101604549
166431060
287795048
184849690
1418394725
1478082137
748965931
344348458
435129090
562082160
1519733805
1457412015
292467922
1772555688
282900923
1576174475
398427623
241312838
54363310
382455245
332536445
1440930966
459748283
332536445
401348187
596176541
607491448
1013178350
1430450838
1229539524
1085159989
615645272
1565082456
443571342
367151752
90098724
1056155684
405377625
1461641023
856565424
295610565
248752565
771524047
1319246435
868819217
62476039
1024309961
380548179
963976253
382455245
332536445
1737320272
243987294
308723704
485810936
1595564445
60461145
1510252097
1223359792
144456244
376775318
858787892
604665032
451272601
1693972808
1204820371
1709362265
1520574745
462489658
126636953
1582221544
951145780
767791927
36050071
1243573965
507186295
422310595
440692693
1596249622
921817340
403354926
484464506
465075826
1509753203
799468693
290279868
464290428
415550437
558463186
911031630
506903711
1062000754
326519135
1371596172
82109616
1516181912
381389044
1338106667
62476039
343762106
1592041648
753886969
1257465069
1197427507
431540146
1097659191
1106199760
613640258
365292960
422143527
272924190
1362250478
1457412015
979118354
775276212
321711892
412491327
447351177
388931672
385051339
1676128357
1447652584
964212507
397640484
159172081
1127596984
1482254190
1667411226
610507940
511911237
484464506
513408188
1283524616
417857712
1288400866
558463186
1047325519
1024437607
969274611
921817340
404494314
133366799
616255669
1503625238
70962932
562356993
418766781
1039667910
375537827
436308389
653325591
373462999
413481609
1706085041
34765858
404323870
806727254
639426368
422006479
258674238
1522419096
88255145
369121179
1053835490
741071021
1381173982
382387986
1426319499
996467965
959677875
1269035396
771524047
1013311575
144456244
1510704224
62476039
1406444390
1382752936
980717477
1375244572
1602237161
591001585
102656474
1489256514
1271954664
332536445
990438724
664755213
608246775
385767320
224601287
1757866179
1556374539
1767653079
1501587038
1609687258
957192438
1601557132
1381128662
945731805
389668130
470249401
36957337
1273099336
87311659
38540803
319898038
1482254190
1492288916
1576685947
913364647
646480392
1066141879
1435730759
405377625
415267637
1578892892
206130952
1500938609
385767320
252312873
1492669101
773534850
404938802
369121179
310200775
175164734
395742875
375537827
564655843
940834134
442345962
1430213368
1407985767
258027701
1627853980
1382401848
545619652
457033676
842054848
1383980358
1392125498
607841726
1212668867
1406837405
780400567
84039072
1379496912
1454974983
93877266
1633820119
826245460
1371596172
225717379
251813956
66267827
250518451
991674511
170131423
513408188
1009479994
927392813
314047592
1019469643
332884700
1282171662
442345962
399808515
436137118
336232195
478515026
426126499
123722501
485810936
728406329
43847913
380312558
868819217
393111209
582448898
1353331701
382455245
1505549489
1290017016
806727254
674635359
163683877
1487907166
1513733250
215053778
308723704
1509096108
358681339
1054539843
754581708
1259431475
1263957391
332536445
126631429
89694558
674635359
1401316598
1296203001
1231658426
1101480292
1638390670
1172341575
1542018142
1363288822
1525704278
501874850
1260991463
1522517944
1460358523
575984180
434587164
803231002
197252304
292467922
811395167
989664960
882756057
1474400033
405377625
165803199
1261162132
387833469
515639363
512883271
1130215158
1461479990
1274732864
1503625238
715255762
1076929229
768081673
1585238678
613511522
900873834
116803638
1398805345
216949195
433960836
1332390714
307376643
243987294
1420308122
402750685
1631043388
1554098413
89694558
1611683260
431066330
928326675
613323054
688757944
397846342
365292960
933076205
271125730
543457763
1602654524
1497554922
1054539843
806461249
1542479248
48408830
729337823
35818102
306529124
169232314
163377765
54932280
1469984180
481771846
695455193
1157301655
1384470180
575984180
552969113
484464506
642933646
1240377134
481771846
968685356
916427367
1054539843
1346927561
1677079638
37507744
1460642208
1528482139
945731805
206130952
1366810180
592138165
1422383836
386874980
1055695905
1517751987
173556976
1348916409
1341823021
195750956
806727254
475393323
261601747
1575369206
1482667809
396785761
903998997
1430558733
314047592
1321892150
1434185582
1450895450
1420308122
731492176
1403280210
105923229
526357054
1506015970
633062921
955729798
657109466
926702876
1465403587
1019469643
1395957101
848060259
1415071792
1489153907
1336527303
1005124867
513408188
1253685149
800052297
635893714
1378987696
1397739956
485810936
1540721295
89694558
152149831
1366492725
921453043
948186461
221876751
44127588
46640968
341969904
520506158
443188829
259515696
1563114061
285560399
1171470961
430883299
1297249713
800175769
1418394725
386863950
32642150
425665494
1323396405
1152549131
1263957391
436137118
766395535
285059757
165956672
799468693
1103182071
1478227189
111281765
1269080331
1526156752
1134145945
559973732
88932260
1043961903
1081270833
311284106
1600085583
982483949
912300548
1351202941
881738756
1506950796
156781484
50003476
127417478
657109466
1516565879
937772680
1681501656
257679662
1542018142
126636953
1120120114
952082988
1029199468
562082160
389812732
368812358
1025765149
295346212
1016083749
436137118
508932076
1376830184
1606449494
186389802
475393323
613640258
393464081
1430558733
1370384468
36050071
1079606017
1563154670
508932076
1041118514
242283000
46196815
404938802
379483911
1726242872
926502901
81978641
1091442053
1035316741
313000741
1108694692
1498890548
443887184
475393323
590304070
126512447
1016720321
1344377086
679330233
633027439
362029104
1568650064
388663617
1053838559
858148607
896416478
577357207
613640258
35818102
349625996
543457763
88255145
479536087
1459829610
1050554650
142025268
1433155633
1602237161
178307367
1241323654
330364473
1196279874
1537134928
1423049958
926264253
676296222
1441296075
1375904503
1148694583
508932076
1023478044
1563114061
731492176
872088212
1376074104
56908625
302273512
1426447250
561086298
95070878
659949005
1152549131
1141260536
827926104
1259233296
1225171727
1385966031
1130215158
137532560
1379887806
398654436
409113472
266201772
1617230016
154548905
898246490
1035859876
86695950
876628225
1288400866
567264819
1686238762
130724331
1411836421
1023478044
1351927251
1321892150
297390575
852002127
900873834
252312873
591343212
1515143647
141646088
1265921917
1451388172
175164734
389668130
496239666
1688450432
1346638320
1663367446
748781099
400729526
926400698
513408188
250555110
32693012
102131455
1352680072
885204644
153391661
118700482
926400698
512883271
424517406
508932076
385767320
1082737321
1762234837
1757291434
976381704
100150344
175164734
479694417
980961745
263858662
1455951929
1476870416
1618938200
1533613290
848464450
405507872
166431060
243250274
1574068382
1609085574
1196279874
1411778361
550330631
720186949
542972031
1458828108
833206371
1216829057
748558318
389169343
407633705
419421356
1635471792
1260811275
169232314
1008317010
463332717
94030634
132878325
608246775
1481852242
465075826
1204409037
1048604154
36050071
1492803405
1325148302
1367491560
857533512
1047477746
83932655
116438409
129142842
1216829057
135332340
709021978
492810722
94531748
911595575
1238469549
1040923528
1060350500
1533286363
468381239
1507855349
902259329
1172037488
1450795832
335317767
288765479
797974082
466458824
1699672088
929571874
633062921
1225171727
645353591
511312900
1410078683
510769366
41752072
508548676
648481806
513408188
175164734
1742941484
1689234913
1420258602
158486468
990933707
655621282
180156139
395374079
613640258
907168038
448570444
658271720
1406444390
1396609151
1350921816
1398043964
168472066
234621968
1101806674
1643372696
969274611
42473630
603498229
806461249
1243564299
1448721570
421595099
53285538
106275040
197824532
1381173982
1421767379
575984180
1013178350
114167585
1055695905
913410003
811395167
1461645640
510358272
107209587
1388680534
927776922
638477188
442321225
907586203
382681828
869235714
457729291
999376740
144456244
1028662912
295610565
382387986
345591101
1325148302
795092948
1397921513
59938883
1710278409
335140202
414737723
59135679
405507872
1423085450
602590365
1157301655
584700814
482041676
242786217
1510957312
1544785573
421711030
879847178
811395167
1172037488
513408188
389090803
1458828108
1038758900
1371190866
77023589
1014779356
513462474
235383352
1418711578
313222674
394811495
456605903
41845084
238081054
1637163505
689020863
1379643438
32642150
1502265624
1003742086
972126836
147547956
482514741
115140757
324149140
474996853
313835696
1209787220
610507940
84039072
1556715183
1480939403
1576509306
381738807
872297097
998460301
901874465
1433291975
389657768
1381337663
1512418923
130724331
871524008
683304364
124945966
1556874801
169293246
123497046
362832986
1040045696
1040045696
394906369
460174327
1177874980
455104982
838785317
1219695009
1283340724
513408188
1405005703
220518220
675643383
1157301655
1379877877
267190913
979486245
633581698
109759021
562216639
1010448631
448570444
304856863
326519135
789517882
1117230404
191785213
1051438897
1653637763
312241951
86811403
1410092042
792755197
1550737119
1390903773
1107439112
573867008
819316110
379510731
1696991163
1230085173
1540804434
297394224
1088438982
349120861
479694417
1349516231
535233638
1564384265
151896471
1141260536
1366118456
1026273147
591343212
696639407
1206506892
1396947528
1491417818
152960653
1013311575
862745325
1565082456
461856011
648831491
313835696
180074725
1399336349
975336473
482890538
395336050
100150344
178307367
1157301655
343762106
1083240503
1546697185
334806305
720915484
1019496720
929571874
1260811275
607525574
1218234733
1415497100
1571402809
562082160
1274732864
165928869
179499253
492810722
139776324
396306424
443368906
1672554763
948818447
313835696
1528931235
823452587
1404369170
175164734
1334984990
785157690
102562938
1499072693
119462417
1371190866
993080917
394687739
1466157102
845576703
1088800803
1013311575
650369488
77990419
986268167
674635359
66069873
1749651834
508932076
387833469
645353591
1449990343
161553255
1418829056
114489981
369288439
1308420037
729382902
901029021
1421997102
977334962
332536445
876445360
1269035396
649527115
1567226298
607525574
1419932083
1155142850
440238336
494305893
1019469643
1254255519
140299333
608946750
405377625
1552456854
55185915
1634836425
478434228
35818102
1030929875
660984303
405377625
1576685947
960143310
1429811144
1506998583
1018129579
845559536
1043616491
1402052976
35818102
1756487649
261601747
611581463
1534957803
1444620185
508548676
636429027
1013311575
567264819
477858742
1487488666
360403574
1525287419
678801438
729382902
405031260
1540804434
526507262
1310096067
1637386236
1197427507
1605467480
1144931454
1459511857
191002829
1179264081
292467922
506903711
362684226
80162831
731492176
1367585310
1665613519
1157301655
173556976
123722501
870852631
128833007
422143527
1013311575
1240377134
387426766
1625506462
550188297
1503567955
1490572858
1414950122
1040923528
504970506
513581011
933638637
1537871174
1204409037
1542944165
564897419
321711892
1580488707
1550144152
444431344
1525025588
1421816591
62476039
424702701
819281297
1497554922
929571874
771524047
39572961
332536445
1313414179
215346458
1724345590
158486468
544056520
389657768
1592628576
1348049406
1419407701
1340738601
696169969
584700814
450083651
1326581706
657790984
33863696
593806864
1130215158
1327665039
62476039
1109524086
1233297172
1764807098
191785213
204486858
394110496
1088198732
687745186
372946679
679735915
1018129579
494245348
933076205
465075826
130724331
1430014535
1246194058
1243664808
265860251
315630008
229690962
563709256
185993235
929571874
426935936
1638914605
42473630
1463218620
1054539843
1497856157
415964435
1026273147
500739612
112106882
436137118
121868918
1496384043
191001875
948818447
332536445
1451583234
1494638917
418676491
313835696
278753137
33863696
1590904968
1578296249
133086819
137532560
648626017
1753538603
1501305224
407633705
1475702274
1213219484
800052297
1458828108
983365896
1389271851
860137480
466417552
688975235
1683319491
799186077
885204644
1609085574
149648359
396271767
1627853980
1542931904
536377249
699412204
298126261
118074947
1625640866
367354799
484464506
87311659
1047357833
444522636
1287407017
703702656
486517494
305601469
1491082539
197252304
314047592
1157301655
1109089957
1469101706
166306590
1771273221
414212856
1103717529
800052297
114395335
1590904968
53603087
418348848
324149140
606835931
447290363
426935936
1019634663
792755197
633027439
298126261
1411891398
1337596374
192412230
1373766482
575984180
903322247
1669854531
447947689
1028662912
1426447250
1012300755
149648359
714542165
138720585
166798308
1511813255
353925456
1491417818
758194166
1340670701
1484472193
1587229657
1362952492
953331593
80299242
1260811275
562082160
154742013
87877063
1491417818
1320082813
1157301655
32497913
351716222
59938883
1376738306
302273512
393885791
349120861
1257465069
1477236038
84039072
959271452
1321222475
1151314117
484464506
555870205
593806864
1636637439
156129856
1143162986
433055042
1575812011
376775318
811395167
1552456854
1394120519
752295141
1597499585
773534850
114068553
149258940
1506796121
306169365
628535516
517851802
35818102
86113352
885204644
232453956
618517515
1217524113
1224924406
1607906147
168039300
640727272
1543137485
1443708173
349625996
1174723432
273387355
421711030
70962932
1019469643
1506102718
837375516
149648359
1512419126
513408188
1398031550
1341751410
754711829
99928798
1088191807
151896471
1325148302
590807698
1572495449
1764054980
277491654
284219131
1667534928
175164734
1017593074
62476039
1058998633
254811835
151896471
411411393
324524962
1104976636
513408188
1577381063
1375320601
218248967
1699627052
1114613240
1243221807
962688553
1547769909
620425385
574838991
147713340
1261498790
273603771
258674238
506903711
404494314
175164734
479755138
1003247586
945731805
462398872
86323464
452623750
1379643438
441943945
1173066952
1430384553
1529197347
491386537
558463186
155178022
397478312
789517882
1606991782
553945593
289060578
1217142927
112106882
236012603
306208785
861873662
1088627457
229617329
292467922
845576703
349625996
1759343005
562082160
1053837405
1091194940
1199684645
477858742
1506015970
548070071
1765543851
72281761
1425258809
1366492725
644775542
613239764
399927456
518891205
1010003109
201224369
719029172
1559334544
1026971333
960143310
837379502
906783142
843352794
292467922
1457412015
1509433409
1751246280
990438724
543457763
597070606
339091485
86811403
1248154086
334806305
508932076
1681905537
465075826
1638273081
391922989
461856011
1002048687
674635359
313311221
206130952
332536445
376525111
1380115172
1638257993
844708693
395374079
36050071
1544034649
87058674
1054539843
1466792708
444360515
237728226
278753137
1291613703
270394556
56522049
881738756
575984180
1066342873
314047592
437272669
861303890
562681263
1446433087
1477008087
636501200
648831491
562082160
1566888254
